    1,
    2,
    3,
    1,
    4,
    5,
    6,
    5,
    2,
    7,
    8,
    9,
    10,
    10,
    10,
    11,
    4,
    12,
    5,
    10,
    13,
    2,
    14,
    1,
    10,
    10,
    2,
    10,
    4,
    14,
    14,
    12,
    13,
    15,
    13,
    10,
    7,
    14,
    5,
    14,
    16,
    6,
    8,
    7,
    7,
    10,
    7,
    17,
    13,
    7,
    2,
    7,
    18,
    17,
    13,
    1,
    14,
    4,
    7,
    6,
    10,
    19,
    7,
    1,
    8,
    11,
    2,
    20,
    4,
    7,
    11,
    8,
    21,
    2,
    13,
    10,
    7,
    7,
    1,
    14,
    14,
    7,
    1,
    20,
    2,
    2,
    14,
    7,
    17,
    10,
    6,
    5,
    20,
    13,
    10,
    7,
    7,
    7,
    7,
    14,
    10,
    2,
    1,
    4,
    10,
    1,
    22,
    13,
    5,
    10,
    4,
    10,
    13,
    7,
    14,
    1,
    1,
    4,
    14,
    17,
    10,
    23,
    8,
    12,
    7,
    7,
    10,
    8,
    3,
    20,
    17,
    10,
    1,
    10,
    21,
    24,
    8,
    20,
    12,
    2,
    8,
    25,
    1,
    7,
    26,
    17,
    6,
    13,
    7,
    5,
    3,
    10,
    27,
    28,
    1,
    12,
    14,
    21,
    10,
    7,
    1,
    12,
    7,
    7,
    5,
    6,
    23,
    13,
    27,
    12,
    7,
    8,
    10,
    17,
    10,
    20,
    6,
    4,
    4,
    8,
    12,
    7,
    7,
    13,
    3,
    4,
    15,
    13,
    27,
    6,
    29,
    10,
    7,
    8,
    10,
    8,
    7,
    4,
    8,
    7,
    7,
    28,
    7,
    13,
    8,
    24,
    7,
    20,
    4,
    1,
    8,
    4,
    10,
    17,
    12,
    3,
    8,
    1,
    28,
    10,
    6,
    8,
    8,
    12,
    4,
    8,
    7,
    1,
    10,
    17,
    10,
    7,
    11,
    24,
    4,
    17,
    7,
    10,
    30,
    10,
    12,
    31,
    13,
    17,
    4,
    8,
    4,
    18,
    14,
    17,
    10,
    7,
    17,
    7,
    7,
    4,
    17,
    7,
    6,
    8,
    7,
    23,
    2,
    8,
    8,
    10,
    10,
    8,
    4,
    7,
    24,
    7,
    17,
    10,
    1,
    30,
    13,
    17,
    7,
    11,
    8,
    4,
    3,
    20,
    4,
    10,
    32,
    8,
    2,
    7,
    7,
    16,
    4,
    24,
    17,
    13,
    7,
    4,
    4,
    10,
    7,
    23,
    2,
    8,
    8,
    10,
    10,
    10,
    8,
    12,
    7,
    24,
    4,
    7,
    7,
    7,
    13,
    11,
    1,
    7,
    22,
    17,
    1,
    7,
    10,
    4,
    7,
    10,
    10,
    8,
    4,
    20,
    2,
    4,
    7,
    12,
    7,
    10,
    7,
    7,
    8,
    22,
    33,
    10,
    7,
    10,
    24,
    17,
    24,
    10,
    27,
    10,
    17,
    2,
    4,
    33,
    23,
    17,
    21,
    21,
    11,
    3,
    7,
    5,
    14,
    8,
    7,
    24,
    7,
    4,
    14,
    13,
    12,
    4,
    13,
    17,
    13,
    10,
    11,
    7,
    13,
    1,
    1,
    6,
    13,
    22,
    17,
    13,
    1,
    2,
    17,
    20,
    27,
    4,
    7,
    20,
    10,
    8,
    7,
    4,
    7,
    16,
    13,
    13,
    5,
    8,
    10,
    23,
    13,
    17,
    2,
    8,
    4,
    17,
    13,
    7,
    18,
    8,
    24,
    27,
    27,
    11,
    5,
    2,
    7,
    17,
    1,
    7,
    7,
    34,
    4,
    13,
    10,
    12,
    12,
    27,
    5,
    23,
    17,
    6,
    4,
    17,
    4,
    1,
    10,
    33,
    12,
    7,
    10,
    7,
    7,
    8,
    22,
    33,
    2,
    12,
    12,
    35,
    36,
    11,
    12,
    7,
    37,
    20,
    4,
    2,
    13,
    4,
    7,
    7,
    8,
    17,
    4,
    7,
    10,
    3,
    17,
    12,
    2,
    38,
    8,
    1,
    1,
    13,
    14,
    4,
    20,
    39,
    1,
    17,
    10,
    7,
    2,
    13,
    5,
    10,
    7,
    8,
    4,
    10,
    7,
    19,
    7,
    40,
    3,
    1,
    4,
    14,
    27,
    18,
    22,
    1,
    41,
    10,
    8,
    8,
    24,
    8,
    13,
    6,
    2,
    8,
    7,
    8,
    10,
    8,
    10,
    2,
    3,
    10,
    2,
    8,
    10,
    4,
    5,
    10,
    4,
    24,
    7,
    33,
    2,
    8,
    24,
    27,
    4,
    5,
    2,
    6,
    6,
    7,
    12,
    16,
    10,
    27,
    7,
    4,
    4,
    8,
    3,
    8,
    23,
    1,
    7,
    14,
    10,
    17,
    1,
    7,
    5,
    5,
    34,
    7,
    6,
    7,
    42,
    43,
    10,
    17,
    10,
    4,
    4,
    2,
    4,
    1,
    34,
    44,
    3,
    20,
    14,
    1,
    38,
    10,
    17,
    1,
    13,
    4,
    20,
    39,
    17,
    7,
    27,
    2,
    13,
    10,
    8,
    8,
    18,
    7,
    1,
    4,
    27,
    4,
    7,
    7,
    4,
    10,
    25,
    19,
    7,
    1,
    3,
    7,
    7,
    14,
    8,
    2,
    10,
    2,
    27,
    4,
    5,
    4,
    7,
    24,
    8,
    2,
    24,
    8,
    27,
    18,
    1,
    5,
    2,
    6,
    6,
    4,
    7,
    16,
    10,
    25,
    27,
    10,
    10,
    4,
    3,
    4,
    5,
    7,
    45,
    17,
    44,
    10,
    12,
    27,
    1,
    4,
    5,
    24,
    10,
    27,
    17,
    7,
    4,
    10,
    18,
    7,
    1,
    3,
    7,
    7,
    33,
    40,
    7,
    25,
    19,
    7,
    8,
    8,
    24,
    13,
    13,
    3,
    23,
    10,
    8,
    6,
    41,
    10,
    7,
    1,
    2,
    8,
    42,
    6,
    10,
    1,
    22,
    12,
    7,
    7,
    7,
    4,
    20,
    43,
    43,
    10,
    43,
    4,
    7,
    46,
    12,
    10,
    5,
    34,
    17,
    7,
    8,
    24,
    17,
    11,
    6,
    14,
    12,
    22,
    12,
    4,
    27,
    8,
    4,
    20,
    8,
    18,
    10,
    10,
    1,
    17,
    27,
    22,
    8,
    4,
    8,
    7,
    17,
    4,
    3,
    7,
    17,
    8,
    35,
    13,
    10,
    4,
    8,
    13,
    23,
    10,
    17,
    43,
    22,
    7,
    4,
    27,
    6,
    20,
    47,
    35,
    10,
    4,
    2,
    2,
    25,
    8,
    7,
    17,
    22,
    6,
    27,
    16,
    14,
    32,
    43,
    17,
    20,
    4,
    14,
    48,
    27,
    4,
    22,
    20,
    4,
    22,
    2,
    7,
    16,
    12,
    1,
    4,
    14,
    8,
    10,
    6,
    49,
    22,
    7,
    2,
    7,
    50,
    2,
    23,
    7,
    27,
    49,
    12,
    8,
    10,
    4,
    20,
    17,
    7,
    32,
    20,
    12,
    1,
    12,
    4,
    17,
    6,
    17,
    8,
    4,
    12,
    12,
    10,
    27,
    3,
    15,
    20,
    10,
    22,
    38,
    7,
    1,
    6,
    51,
    12,
    7,
    12,
    4,
    2,
    17,
    20,
    17,
    20,
    22,
    52,
    7,
    53,
    6,
    4,
    2,
    10,
    6,
    23,
    12,
    7,
    22,
    4,
    22,
    47,
    17,
    17,
    8,
    1,
    25,
    7,
    10,
    27,
    53,
    7,
    23,
    20,
    12,
    3,
    31,
    34,
    10,
    17,
    24,
    10,
    8,
    4,
    43,
    22,
    3,
    12,
    16,
    16,
    10,
    1,
    46,