1,
2,
3,
4,
5,
6,
7,
8,
9,
10,
11,
12,
13,
14,
14,
15,
16,
17,
18,
19,
20,
5,
21,
22,
14,
14,
3,
14,
23,
24,
25,
26,
27,
28,
20,
14,
15,
29,
11,
25,
30,
2,
15,
31,
32,
33,
34,
35,
35,
36,
33,
37,
38,
39,
40,
9,
41,
42,
14,
43,
44,
45,
46,
20,
47,
48,
49,
50,
51,
14,
25,
14,
15,
52,
53,
54,
55,
56,
57,
50,
58,
59,
60,
20,
61,
62,
57,
63,
64,
65,
14,
66,
67,
3,
68,
48,
69,
70,
66,
71,
72,
55,
50,
73,
74,
14,
75,
76,
20,
54,
14,
74,
34,
77,
78,
21,
79,
9,
80,
57,
81,
14,
82,
46,
83,
84,
85,
14,
86,
87,
88,
89,
90,
22,
14,
91,
92,
93,
94,
95,
96,
9,
18,
97,
98,
99,
100,
101,
102,
103,
104,
105,
19,
106,
107,
97,
108,
25,
100,
90,
109,
95,
110,
111,
112,
113,
114,
115,
116,
117,
118,
119,
120,
100,
121,
122,
123,
101,
124,
37,
120,
125,
9,
126,
37,
127,
128,
14,
129,
130,
131,
132,
133,
86,
14,
86,
129,
121,
128,
130,
131,
134,
135,
136,
119,
9,
137,
35,
138,
139,
75,
140,
141,
142,
100,
143,
144,
145,
146,
147,
148,
80,
149,
150,
151,
152,
93,
153,
14,
154,
155,
66,
156,
137,
36,
157,
158,
159,
160,
161,
162,
37,
163,
164,
130,
165,
166,
21,
163,
167,
34,
168,
169,
170,
171,
160,
80,
172,
173,
174,
3,
150,
93,
148,
14,
149,
155,
151,
66,
137,
152,
153,
157,
159,
160,
154,
161,
175,
156,
176,
36,
9,
177,
126,
178,
158,
159,
179,
172,
173,
3,
174,
150,
93,
148,
14,
155,
149,
151,
66,
137,
152,
153,
157,
66,
180,
181,
182,
183,
184,
156,
154,
99,
34,
185,
186,
14,
34,
130,
187,
188,
124,
189,
190,
191,
192,
193,
194,
195,
196,
197,
198,
186,
199,
200,
14,
201,
202,
203,
204,
90,
205,
206,
207,
208,
209,
130,
210,
211,
138,
212,
213,
214,
168,
50,
215,
216,
174,
100,
217,
218,
219,
220,
186,
123,
221,
86,
222,
113,
173,
223,
24,
175,
224,
225,
226,
227,
226,
14,
181,
66,
180,
154,
182,
18,
14,
228,
136,
229,
230,
167,
231,
232,
228,
233,
234,
119,
168,
173,
235,
228,
179,
106,
236,
237,
20,
238,
239,
240,
192,
218,
241,
242,
243,
244,
245,
246,
11,
247,
248,
37,
249,
250,
251,
167,
252,
42,
202,
253,
254,
255,
205,
256,
248,
257,
258,
259,
37,
260,
261,
95,
262,
249,
263,
75,
251,
159,
201,
202,
203,
205,
130,
204,
208,
206,
264,
265,
266,
3,
267,
268,
269,
270,
271,
272,
273,
274,
275,
27,
276,
277,
278,
242,
186,
99,
279,
280,
281,
26,
89,
282,
228,
283,
284,
175,
285,
74,
18,
286,
67,
287,
14,
163,
288,
186,
289,
76,
124,
240,
290,
291,
292,
293,
294,
295,
296,
131,
74,
297,
66,
298,
104,
299,
300,
14,
301,
9,
302,
240,
303,
304,
292,
76,
45,
291,
130,
305,
9,
64,
306,
307,
308,
275,
306,
309,
310,
182,
311,
312,
21,
313,
9,
18,
314,
243,
14,
192,
315,
14,
196,
11,
14,
74,
9,
37,
316,
317,
130,
318,
319,
74,
320,
321,
42,
54,
173,
95,
322,
14,
323,
241,
324,
325,
18,
326,
327,
328,
9,
329,
330,
331,
332,
333,
334,
335,
336,
337,
338,
339,
285,
340,
282,
159,
218,
284,
175,
74,
18,
286,
287,
163,
2,
124,
240,
291,
292,
341,
342,
66,
343,
294,
296,
170,
131,
47,
74,
297,
344,
288,
186,
38,
289,
173,
345,
346,
64,
14,
192,
2,
196,
11,
74,
9,
37,
317,
130,
318,
319,
342,
320,
343,
341,
321,
170,
42,
54,
47,
14,
322,
241,
344,
9,
330,
331,
347,
334,
348,
349,
350,
351,
337,
14,
95,
352,
340,
353,
354,
355,
159,
356,
218,
275,
47,
74,
297,
342,
66,
38,
289,
173,
345,
357,
76,
358,
344,
288,
186,
301,
9,
302,
132,
240,
359,
360,
304,
292,
76,
299,
291,
361,
22,
305,
9,
63,
362,
14,
75,
363,
364,
45,
365,
366,
367,
368,
369,
370,
14,
371,
372,
173,
159,
243,
324,
218,
323,
341,
126,
373,
374,
58,
95,
375,
2,
86,
376,
324,
377,
342,
378,
14,
343,
171,
379,
380,
381,
170,
130,
47,
171,
353,
382,
383,
218,
384,
385,
386,
387,
171,
292,
388,
175,
389,
14,
390,
391,
392,
14,
171,
393,
346,
394,
367,
270,
76,
395,
396,
397,
398,
100,
399,
400,
2,
179,
285,
401,
371,
402,
403,
404,
405,
179,
281,
173,
406,
407,
408,
160,
243,
54,
409,
410,
411,
201,
412,
413,
414,
415,
192,
324,
416,
86,
14,
417,
418,
233,
419,
124,
420,
101,
279,
421,
422,
423,
120,
74,
424,
425,
426,
292,
427,
428,
429,
430,
4,
431,
18,
50,
432,
433,
434,
201,
435,
66,
436,
163,
437,
438,
197,
14,
439,
425,
440,
207,
441,
442,
443,
444,
445,
446,
9,
367,
86,
74,
447,
448,
449,
450,
451,
452,
453,
454,
455,
456,
297,
457,
80,
458,
243,
459,
108,
460,
461,
214,
462,
463,
464,
175,
465,
3,
466,
467,
468,
214,
469,
470,
471,
271,
54,
472,
473,
41,
474,
9,
227,
475,
476,
477,
478,
479,
480,
481,
482,