1,
2,
3,
4,
5,
6,
7,
8,
9,
10,
11,
12,
13,
10,
14,
15,
16,
17,
18,
18,
8,
18,
19,
20,
21,
18,
22,
23,
24,
15,
12,
5,
25,
22,
26,
27,
18,
18,
28,
29,
7,
30,
31,
32,
12,
33,
34,
35,
36,
37,
35,
38,
39,
34,
40,
3,
41,
18,
42,
43,
44,
45,
15,
46,
47,
48,
49,
50,
51,
52,
53,
12,
54,
18,
55,
18,
56,
22,
8,
57,
58,
59,
60,
61,
18,
62,
63,
48,
64,
49,
65,
66,
58,
67,
15,
68,
69,
70,
59,
71,
72,
65,
49,
73,
74,
18,
75,
76,
15,
52,
16,
77,
78,
33,
74,
79,
80,
3,
58,
18,
81,
18,
44,
82,
83,
84,
85,
86,
18,
87,
88,
89,
90,
17,
18,
91,
92,
93,
94,
95,
96,
3,
13,
97,
98,
99,
100,
101,
102,
103,
104,
14,
105,
106,
107,
97,
108,
22,
100,
90,
109,
96,
110,
111,
112,
113,
114,
115,
116,
117,
118,
119,
120,
100,
121,
122,
123,
101,
37,
124,
120,
125,
37,
3,
126,
127,
128,
129,
18,
130,
131,
132,
133,
35,
134,
75,
135,
136,
137,
130,
138,
86,
18,
86,
121,
128,
132,
129,
139,
140,
141,
119,
3,
142,
143,
144,
145,
146,
147,
93,
148,
100,
133,
149,
150,
151,
152,
59,
153,
18,
154,
155,
156,
157,
158,
159,
78,
160,
161,
38,
162,
37,
163,
164,
132,
16,
33,
163,
165,
166,
167,
168,
169,
170,
171,
161,
78,
172,
173,
8,
174,
145,
93,
158,
18,
144,
150,
152,
59,
133,
146,
153,
157,
160,
161,
149,
154,
175,
155,
176,
38,
3,
126,
177,
178,
159,
160,
179,
172,
174,
173,
145,
8,
144,
93,
18,
152,
158,
150,
59,
133,
157,
146,
153,
59,
180,
181,
182,
183,
18,
184,
18,
185,
186,
187,
188,
189,
190,
124,
191,
155,
192,
189,
193,
194,
33,
132,
149,
195,
196,
98,
197,
198,
199,
200,
33,
201,
202,
203,
204,
205,
132,
206,
207,
208,
209,
170,
210,
174,
100,
211,
212,
213,
189,
123,
86,
214,
113,
173,
215,
20,
175,
216,
217,
218,
219,
18,
199,
59,
180,
149,
197,
220,
218,
49,
90,
221,
222,
223,
224,
225,
134,
226,
227,
13,
228,
229,
119,
170,
173,
230,
18,
228,
141,
231,
232,
233,
234,
165,
235,
228,
179,
106,
236,
237,
238,
15,
239,
240,
191,
241,
242,
211,
243,
244,
245,
246,
5,
247,
248,
37,
249,
250,
251,
252,
165,
41,
202,
253,
254,
255,
204,
256,
96,
257,
258,
249,
259,
251,
75,
160,
201,
202,
203,
204,
205,
206,
132,
207,
260,
261,
262,
263,
264,
8,
265,
266,
248,
267,
268,
269,
37,
270,
271,
272,
273,
274,
23,
275,
276,
277,
244,
189,
278,
279,
280,
98,
89,
21,
281,
282,
228,
283,
284,
62,
175,
285,
286,
18,
74,
163,
124,
240,
13,
287,
288,
289,
290,
291,
292,
293,
294,
74,
129,
295,
59,
76,
296,
297,
189,
298,
299,
300,
104,
18,
3,
301,
240,
302,
303,
304,
290,
45,
76,
132,
289,
305,
3,
66,
306,
18,
191,
182,
5,
307,
18,
18,
74,
3,
37,
308,
309,
132,
310,
311,
74,
312,
313,
96,
52,
41,
18,
314,
173,
241,
315,
316,
317,
306,
318,
242,
319,
320,
3,
321,
322,
13,
323,
13,
324,
325,
326,
276,
16,
197,
327,
328,
3,
329,
330,
331,
332,
333,
334,
335,
336,
337,
338,
339,
286,
340,
282,
160,
211,
284,
175,
74,
287,
13,
285,
163,
124,
7,
240,
289,
290,
341,
59,
342,
343,
293,
169,
294,
129,
295,
344,
296,
74,
46,
189,
36,
297,
173,
345,
346,
331,
330,
334,
3,
347,
348,
349,
350,
351,
337,
18,
96,
352,
340,
353,
354,
355,
160,
356,
211,
276,
66,
191,
7,
5,
182,
18,
3,
74,
310,
46,
343,
312,
309,
41,
342,
344,
37,
169,
18,
341,
52,
132,
311,
314,
313,
241,
46,
74,
295,
342,
59,
36,
297,
173,
345,
357,
76,
358,
344,
296,
189,
301,
3,
302,
131,
240,
359,
360,
304,
290,
76,
300,
289,
361,
17,
305,
3,
68,
362,
18,
75,
363,
364,
45,
365,
366,
367,
368,
369,
370,
18,
371,
372,
173,
160,
242,
324,
211,
323,
341,
126,
373,
374,
50,
96,
375,
7,
86,
376,
324,
377,
342,
378,
18,
343,
171,
379,
380,
169,
132,
46,
171,
354,
381,
382,
211,
383,
384,
385,
386,
171,
290,
387,
175,
388,
18,
389,
390,
391,
18,
171,
392,
393,
7,
286,
179,
371,
394,
395,
396,
397,
398,
399,
400,
401,
100,
402,
403,
404,
179,
367,
346,
264,
281,
173,
76,
405,
406,
407,
86,
161,
408,
409,
18,
410,
242,
411,
412,
413,
414,
324,
191,
415,
201,
52,
416,
235,
417,
418,
419,
420,
421,
124,
422,
290,
101,
274,
423,
424,
120,
425,
426,
74,
3,
427,
428,
429,
221,
430,
431,
432,
367,
433,
86,
74,
434,
435,
436,
437,
438,
9,
18,
439,
201,
13,
440,
441,
442,
443,
444,
59,
445,
49,
195,
446,
424,
163,
447,
448,
449,
450,
451,
452,
453,
454,
295,
455,
456,
78,
242,
457,
108,
458,
459,
223,
460,
461,
462,
463,
464,
175,
8,
465,
466,
467,
223,
468,
469,
470,
471,
472,
51,
3,
473,
474,
219,
52,
279,
475,
476,
477,
478,
479,
480,
481,