8935325000980,
8935235226272,
8935325004025,
8935235228351,
8936071673381,
8935325000096,
8935095626748,
8935280909113-qt,
8936071677679,
8935280910638,
8935325003998,
8936186548420,
8936071675552,
8935280909083,
8934974152286,
8936117742491,
9786048325381,
8935325000775,
8934974163442,
8934974170617,
8935280909984,
8934974158592,
8935235217737,
9786043388220,
8935212350433,
8934974170600,
9786043396836,
8936117742880,
8936107811459,
8936117743047,
8935325001789,
8936203360608,
8935230008897,
9786045572542,
8935244867299,
8934974151579,
8934974159087,
8934974175995,
8935212349208,
8935235226302,
8935095625994,
3300000014685,
8935244868005,
3300000015514,
8935325003035,
8934974145608,
8935250703772,
8935325004612,
8936186548246,
8936117741500,
8935325004612,
3300000015590,
9786043396447,
8935250703772,
8935235232099,
8936186544576,
8936071677136,
8934974148746,
8936186549366,
8935086852682,
3300000011325,
8935325004896,
8936117743399,
tmkhkdb-qt,
8935235220508,
8935280910003-qt,
8935280910416,
8935095630011,
8936071673336,
8935095630752,
8935095627370,
8936186546280,
8935325050138,
8934974160199,
8935325000997,
8934974158622,
9786043451993,
9786045598375,
8935280909977,
8936186546822,
9786048323141,
8935325004933,
8935250707534,
8936071677822,
8934974158226,
8935325002205,
8936186549472,
8935280910645-qt,
8935250705851,
8935280903517,
8934974150671,
8935325000126,
9786048328290,
8936117742767,
8936117743412,
8935244868951,
9786047749881,
8936186548826,
8935325001604,
8936186545504,
9786048877521,
8934974150671,
8935280903517,
9786043391060,
8935235217508,
8934974164135,
8935325003950,
8935236410748,
8936117742095,
8936071677990,
9786048326623,
8936117741371,
8935235231382,
8934974145615,
8935235212473,
8935325050411,
8936186549700,
8935325000379,
9786049639036,
8934974158486,
8935250705233,
8934974158448,
8935244868944,
9786045587959,
8935212350501,
9786047797356,
8936186543432,
3300000015736,
8934974165996,
8935235215474,
8935095630431,
8935250702164,
8934974143963,
8935325000560,
8934974158677,
8936186543838,
8936067604603,
8935244828887,
8935095620364,
8936037799384,
8935212329460,
8935244826074,
8935275100167,
9786043297195,
8935325003684,
9786043320381,
8935250706919,
9786043494624,
8936117741753,
8935325004438,
8936071677303,
8934974171928,
8935207001272,
9786049767906,
9786043563986,
8936186547935,
8935212349215,
9786045586983,
8935250706209,
8934974143963,
8935325001444,
8935212356893,
9786045652701,
9786046979906,
8935235220423,
8935212340762,
8935325001000,
8936144200308,
9786049602290,
8936107812500,
8935235222076,
8936117742637,
9786043256598,
8935250701082,
9786047797271,
8936186547126,
8936071674852,
9786043231625,
8936117742941,
8935280908550,
9786049898136,
8935212317290,
8935325002076,
8935244826098,
8935095627899,
8935250701105,
8935235220232,
8936186548857,
8934974146841,
8934974168454,
8936117743542,
8935244840421,
8936067596403,
8935325004629-qt,
8935095629671,
vcg012022db,
8935235227668,
8935244853520,
8935235226494,
8934974168454,
8935325004247,
8935244871326,
8934974146841,
8935244871333,
8935325003974,
8935235220232,
8935244840421,
8936186548857,
8936186544170,
9786043048285,
8935325004032,
8936117743306,
8935244826111,
8934974174615,
8936186549342,
8934974176213,
8935244843620,
8935235230019,
8935244824728,
8935244821611,
8932000130369,
8935250706216,
8936067595499,
8935325003387,
8935212357869,
8935212334624,
8934974159872,
8936186546792,
8935325002731,
8934974158219,
8932000130758,
3300000015033,
9786043440546,
8936186545276,
8935244867367,
8935235231139,
8935235225817,
8934974173199,
8935250701624,
3300000014166,
8935270700324,
8936117743511,
8935250707336,
8935235226289,
8935244836578,
9786048323158,
8934974149590,
8935250704625,
8935325002717,
8935235221963,
8936186548680,
8936186543357,
8935235216884,
3300000014869,
3300000014616,
8935325002281,
8935235225817,
8935244861792,
8935325001024,
8935280910614-qt,
9786043393866,
8935244843620,
8935244821611,
8935244867367,
8934974158219,
8934974176213,
8935212357869,
8934974159872,
8936186546792,
8936067595499,
8935235230019,
8935325002731,
8936186545276,
8934974173199,
8935250701624,
8935325003387,
8932000130758,
8936117741869,
3300000015033,
8936186547386,
3300000014166,
8935244826159,
8935092541433,
8935235225848,
8936086230821,
8935235231139,
8934974173786,
8935095623945,
8935244861792,
9786043393866,
8935325001024,
8935244843620,
8935280910614-qt,
8934974176213,
8935244821611,
8934974158219,
8934974159872,
8935244867367,
8935212357869,
8936186546792,
8936067595499,
8936186545276,
8935235230019,
8935325002731,
8935325001611,
8936117742293,
8935230008729,
8936067594171,
8935236415668,
8934974160328,
8935235227897,
8934974152118,
8935235232006,
8936186544637,
8935325002908-qt,
8935095618835,
8935325001192,
8935235231399,
8935280903241,
8935280903265,
8935250704908,
8936117741630,
8936186546952,
8935235219328,
8935235221987,
8934974148050,
8935244855296,
8935325003394-qt,
8935250700351,
8935235220324,
8936186544002,
8935325003875,
8935325003707,
8935325003943,
8936186540486,
8934974149606,
8935212323093,
8935325002762,
8934974146421,
8935325001260,
9786047797127,
8935244835984,
8935236423281,
8936173840766,
8934974134039,
8935049512301,
8935250704236,
8936186549083,
9786043393873,
8935250706926,
8935250705868,
9786047747153,
9786043197563,
8936186544705,
8936071675125,
8935244839623,
8936186546488,
8936067597271,
8935325002045,
8935235221345,
9786049694059,
8936117742415,
8935212352895,
8935235223875,
8936117741203,
1116020384422,
8934974158608,
8935325003943,
8935325001611,
8936117742293,
8935325003394-qt,
8935325003875,
9786049973918,
8936117741210,
8935280908017,
8934974143970,
8935325050121,
8935235217416,
8934974157236,
8936067597264,
8934974171805,
8936067594188,
9786049711817,
9786043280814,
8935095631520,
8935244833973,
8935235215924,
8936117742965,
8935250703895,
8935325004087,
8935325003738,
8934974158639,
8935244833966,
9786043233483,
8935235217591,
3300000013633,
8935230005032,
8936117743641,
8936117742866,
8935280910393-qt,
8935244833980,
8936067594195,
9786049761904,
8936186546198,
8932000132509,
8935236419987,
8936117742071,
8936186547096,
8936117740510,
8935280901049,
9786043282061,
8935095628964,
8935250703697,
8935235229365,
8935250156806,
8934974146735,
8935325002151,
8936071673367,
9786042094641,
8936117743528,
8936117742750,
3300000013206,
9786048879846,
3300000015019,
8936037799421,
8936186549748,
8936071677143,
8935325002762,
8935250156905,
8935210222282,
8935235226227,
8935325001260,
8936203360035,
8935212350266,
8935212344135,
9786045988879,
3300000013206,
8935235217898,
3300000015019,
8936186549786,
8934974158752,
8935212323093,
8935325002762,
8934974146421,
8935325001260,
9786047797127,
8935236423281,
8935244835984,
8936173840766,
8935069921152,
8935212338165,
9786047766246,
8935074115003,
8935212343770,
8935280910607,
8935212340595,
9786047246298,
8936117743528,
8935250702058,
9786049829383,
8935235217751,
8936117742750,
8934974168157,
8935095624560,
9786047797370,
8935235224384,
8935280905443,
8936117743146,
8935235222083,
8935244859324,
8935235228214,
8935250701020,
8936062804404,
9786043475531,
8935325002472-qt,
8934974157786,
8936186546693,
8935250704878,
8935212354646,
3300000000862,
8935212350631,
3300000008240,
8935325002526,
8936186548970,
8935325002793,
8936117741708,
8935250702072,
1116020359840,
8934974177296,
8935235221949,
8936186548994,
8935280904583,
8936117741043,
8935095621842,
8938507002055,
8936203360738,
8934974157205,
8935244827255,
3300000013817,
9786043381948,
8935235228016,
9786045969557,
8935235221536,
8936186542176,
8934974173663,
8936186543654,
8935088555307,
8935086828915,
9786043064445,
9786045541791,
8935325004292,
3300000015026,
8935298500210,
8935236425032,
8934974177326,
8935244826081,
8935244850208,
8936117741197,
8936067597752,
3300000014562,
8934974161301,
8935244827330,
8936186544965,
9786049691591,
8935244862690,
8934974171829,
8936037795805,
8935244826135,
8935280901520,
9786043475586,
8934974152125,
8936037711416,
8935235228849,
8936071673343,
8935244859904,
8934974176008,
8934974176411,
8935235228795,
8936067596489,
8936186543272,
9786045698488,
8935280906358,
8935244848243,
8936067594614,
9786049767890,
8935235230873,
8936071675576,
8935280901759,
8935212354936,
9786049633768,
8935095622832,
8934974158202,
9786049609701,
8935325002144,
9786049578298,
9786045539286,
8935244835960,
8936186541605,
9786045359907,
8935235220478,
8936071678119,
8936186544972,
9786043556797,
8934974175667,
8936186540349,
8935250703703,
8936071675569,
8936186545733,
9786043076882,
8935210228901,
8935235225459,
3300000012070,
8935244853513,
9786048326753,
8936186547171,
8936186544101,
9786049831652,
8934974175667,
8935250705356,
8934974173625,
8935235231153,
8935235215450,
8935280906815,
8935235230859,
8936186546518,
8935210218100,
9786046864004,
9786049959226,
8935095630073,
1116020359840,
8935325003424,
8935212350631,
8934974174240,
rezero012db,
8936186548970,
8936117741708,
8935235221949,
8938507002055,
8935095621842,
8935250702072,
8936186548994,
8935280904583,
9786043261028,
8936117741043,
8934974157205,
8935244827255,
8935244861754,
8936186543654,
8935325003141,
8935325005008,
8935235228016,
8935235231993,
9786045969557,
8936186542176,
8934974173663,
8935275100488,
8935086828915,
8935235221536,
tmkhk,
9786045541791,
8935325001543,
9786043064445,
8935325050084,
8935325002786,
9786048320942,
8935235231153,
8934974173625,
8935235230859,
8934974175667,
9786049771088,
8936071673374,
8936186542220,
8936144201022,
8935250700344,
9786046864004,
combo-8934974158646-8934974158608,
8935212337410,
9786048868826,
8935325003424,
8936071673350,
8935235229129,
8936067597165,
8934974174240,
9786048878641,
rezero012db,
8935244840858,
8935280901520,
8936037711416,
9786043261028,
8936071673343,
8935235228849,
8934974152125,
8936067596489,
8935235228795,
8936067594614,
tmkhk,
8935325005008,
8936071675576,
8935280906358,
8935095622832,
8935325003141,
8935275100488,
8936186543272,
8935235231993,
8934974158202,
8935244861754,
9786049633768,
8935244848243,
9786049767890,
9786049609701,
8935280901759,
9786049578298,
tmkhk,
8935235221536,
8934974173663,
8935325003141,
8936186543654,
8935325001543,
9786043064445,
8935325050084,
8935325002786,
9786043481846,
8935088555307,
9786043317794,
8935275100488,
8935086828915,
9786045541791,
8935244850208,
8935244826081,
8936067597752,
8936117743535,
8936117741197,
9786043336405,
9786043593181,
8934974161301,
8935244827330,
9786049691591,
8935298500210,
8934974171829,
8935325003585,
8935325002007,
8936037795805,
8935244826135,
8935244862720,
9786049924972,
8934974146834,
9786045663332,
8935236410960,
8935212358279,
8936186544965,
8936186544880,
8935325000300,
8935235224438,
9786043470604,
8938538123040,
8938538123248,
8934974158554,
9786043074949,
8935235218369,
8935325050367,
8934974174240,
8936071678119,
8935210228901,
rezero012db,
8936186545733,
8935244861754,
8936067599312,
9786045571736,
8935212324847,
8935236421775,
8935212342469,
8935235221284,
9786043261028,
8935244835144,
8935235212398,
8935095629657,
8935244850000,
8935325003141,
8934974157502,
8934974158523,
8935325005008,
8935250701044,
9786049768835,
8935244849998,
8935235231993,
3300000000602,
tmkhk,
8935250703062,
8935235216181,
8936066688338,
8935212350655,
8935250705127,
8935325003400,
9786049694851,
8935325003844,
9786045371275,
8935250701037,
8935244838398,
9786045676127,
8936117741067,
9786042114318,
8934974158561,
8935235208520,
8936117743252,
9786045522547,
combo0808195,
8935250702362,
9786049544828,
8936086230692,
9786049329630,
9786045560136,
9786049924705,
9786043074925,
8935095632251,
8935235218994,
8935250704267,
9786045577219,
9786049767920,
8935236424905,
8935325004483,
1116030381466,
8935250700177,
8935236422697,
9786049847455,
8935095627479,
8935236423373,
8935235226357,
9786048323509,
8935235228979,
8935280905153,
8935325004063,
8935236417600,
8935212322959,
9786049937699,
8936186548079,
combo-8935244835144-8935244839623,
8935235221277,
9786049833427,
9786046973102,
8934974177272,
9786045849590,
8935236408431,
8936186541063,
8935069921411,
8935235218512,
8935095621941,
8935275100464,
8936037711492,
8935244843798,
8935072940829,
9786049760594,
9786049974533,
8935280905467,
8935235228825,
8934974168027,
8935325002335-qt,
8934974163664,
8936186541261,
8935280904729,
9786043355659,
8935244827309,
9786049868573,
8935280909687,
8936186545696,
8935095623792,
8936041687271,
8935212322522,
8935212317511,
8935235230743,
9786049690457,
8936186549878,
8935250706339,
8935250706094,
8935325050176,
8935235231269,
8935212338783,
8935095629268,
8935250704458,
8936086230548,
8935244862713,
8935235232556,
combo-8935212341769-8935212341776,
8934974169604,
8935212338035,
9786043209242,
9786043331653,
1116030379036,
8934974158585,
8935095623242,
8935072940065,
8935095630196,
8935236421331,
8935325000836,
8935325001154,
8935278600664,
8935212334501,
9786043343120,
8935212350228,
8935280910409,
combo8935250700290-8935250700351,
8935235216631,
8935095623730,
8935250706230,
8935095604289,
8935095627967,
8935212330473,
9786049775680,
8935251409833,
8935210236678,
8934974156314,
1116020379633,
8934974111733,
8936067600063,
8935244862874,
8935235228870,
8935236425414,
9786043206661,
8935212354066,
9786049932526,
9786049631771,
8934974157458,
9786045658642,
9786049540936,
8935236425193,
8936066691574,
9786045522813,
8935325004582,
8935280910591,
8935235223776,
9786049764592,
9786046864622,
8934974167235,
9786049697753,
8935235227101,
8935250704465,
8935235232907,
8935236416580,
8935072940836,
8935275100242,
8935212325820,
9786041100336,
1116020384415,
8935236415699,
8935325002465,
9786045596401-qt,
9786046853060,
8935244837483,
8936041687189,
3300000000633,
9786047751495,
8935325000492,